261
003
004
264
264
263
264

263
264
254
262
263
004
264
264
263
264

263
264
254
262
263
004
264
264
263
264

263
234
234
233
234
234
233
234
234
233
233

263
264
004
232
233
004
264
264
274
514
324

331
003
333
334
343
354

361
364
363
364
364
353
344

353
354
344
331
332

323
324
334
341
333
323

313
314
324
331
323
313

273
274
514
521
542

333
234
234
233
234
234
233
234
234
233
233

263
264
004
232
233
004
264
264
274
514
324

331
003
333
334
343
354

361
362
412

374
004
552
553
003
332

341
002
362

553
003
331
512

321
002
342

333
003
311
262

273
274
514
521
542

333
234
234
233
234
234
233
234
234
233
233

263
264
004
232
233
004
264
264
274
514
324

331
003
333
334
343
354

361
364
363
364
364
353
344

353
354
344
331
332

323
324
334
341
333
323

313
314
324
331
323
313

273
274
514
521
542

333
234
234
233
234
234
233
234
234
233
233

263
264
004
232
233
004
264
264
274
514
324

331
003
333
334
343
354

361
362
412

374
004
552
553
003
332

341
002
362

553
003
331
512

321
002
342

333
003
311
262

653
254
264
272
002
252

262
264
263
264
261

000