273
313
323
313
343
344
314
263
243

263
253
643
253
322
323
323

333
523
323
513
313
274
314
323
663

263
253
263
323
311

273
313
323
313
343
344
314
263
243

263
253
643
253
322
323
323

333
523
323
513
313
663
263
253

241
242
244
624
224
214

222
243
244
244
323
663
243
223

253
243
623
224
624
221

212
623
624
224
313
263
243
223

223
623
233
254
242
244
244
224
224
221

222
243
244
244
343
523
323
273

323
313
273
314
252
253
254
263

313
663
263
663
323
313
263
264
664
271

273
313
323
313
343
344
314
263
243

263
253
643
253
322
323
323

333
523
323
513
313
274
314
323
663

263
253
263
323
311

273
313
323
313
343
344
314
263
243

263
253
643
253
322
323
323

333
523
323
513
313
663
263
253

241
242
244
624
224
214

222
243
244
244
323
663
243
223

253
243
623
224
624
221

212
623
624
224
313
263
243
223

223
623
233
254
242
244
244
224
224
221

222
243
244
244
343
523
323
273

323
313
273
314
252
253
254
263

313
663
263
663
323
313
263
264
664
271

000